0 0.74719 0.64319 0.76966 0.67136 0.77528 0.68779 0.77528 0.69249 0.76779 0.73005 0.75843 0.74883 0.74345 0.76761 0.73221 0.77700 0.71723 0.78638 0.69101 0.78638 0.68165 0.78169 0.66854 0.77230 0.65918 0.75822 0.65169 0.74178 0.65169 0.69484 0.65730 0.68075 0.66292 0.67136 0.67603 0.65728 0.69101 0.64789 0.70225 0.64319
1 0.48689 0.42958 0.52996 0.42958 0.53558 0.43192 0.55993 0.45305 0.57678 0.47418 0.58427 0.49296 0.58801 0.51174 0.58801 0.53991 0.57491 0.57277 0.57116 0.57746 0.54307 0.59155 0.52622 0.59390 0.51498 0.59390 0.50749 0.59155 0.48876 0.57981 0.47191 0.56338 0.45318 0.53991 0.44757 0.52582 0.44757 0.48592 0.44944 0.47887 0.45693 0.46009 0.47566 0.43662
0 0.16854 0.37559 0.18165 0.39437 0.19101 0.42488 0.19101 0.43662 0.18539 0.45305 0.17790 0.46714 0.16854 0.47887 0.14045 0.50000 0.10487 0.51174 0.09176 0.51174 0.08427 0.50704 0.07491 0.49531 0.07303 0.49061 0.07303 0.43662 0.07865 0.41784 0.08614 0.39906 0.10300 0.37793 0.11610 0.36854 0.15730 0.36854
0 0.38951 0.07512 0.40075 0.08451 0.41573 0.10329 0.41948 0.11033 0.41948 0.16197 0.41573 0.18310 0.40449 0.20892 0.38764 0.23005 0.38390 0.23239 0.37453 0.23474 0.36517 0.23474 0.35955 0.23239 0.35393 0.22770 0.34457 0.21596 0.33146 0.18545 0.32772 0.16901 0.32772 0.10798 0.33521 0.09390 0.34457 0.08216 0.35019 0.07746 0.35581 0.07512
0 0.69850 0.10798 0.70974 0.11737 0.71723 0.12676 0.73034 0.15258 0.73034 0.16432 0.72846 0.17840 0.72097 0.19953 0.71348 0.21362 0.70787 0.22066 0.67416 0.25117 0.65918 0.25822 0.65169 0.25822 0.64607 0.25352 0.63670 0.24178 0.63296 0.23239 0.63296 0.16197 0.64045 0.13850 0.64794 0.12676 0.65918 0.11268 0.66479 0.10798
0 0.55993 0.62911 0.56554 0.64319 0.56742 0.65728 0.56742 0.66432 0.56367 0.68310 0.55618 0.69953 0.55056 0.70657 0.52809 0.72300 0.49251 0.72300 0.47940 0.71831 0.47191 0.71362 0.46067 0.69953 0.44944 0.67840 0.44569 0.66667 0.44569 0.62911 0.45506 0.61737 0.46816 0.60563 0.48127 0.59859 0.52434 0.59859 0.54120 0.60798 0.54869 0.61502
0 0.50187 0.24883 0.50187 0.28638 0.49251 0.30047 0.48689 0.30516 0.46067 0.31455 0.44944 0.31455 0.43820 0.31221 0.41199 0.29812 0.40637 0.29343 0.39888 0.28404 0.39326 0.27465 0.38951 0.26526 0.38951 0.23239 0.40637 0.21127 0.41948 0.20423 0.47004 0.20423 0.48315 0.21362 0.49064 0.22300
1 0.58989 0.82394 0.60674 0.83803 0.62172 0.85681 0.62734 0.87089 0.63483 0.89671 0.63483 0.92488 0.62921 0.94131 0.61798 0.95540 0.59363 0.97183 0.56554 0.98592 0.55056 0.98592 0.54494 0.98357 0.53558 0.97653 0.52060 0.95775 0.50749 0.92723 0.50749 0.88967 0.51124 0.86854 0.51873 0.85446 0.52996 0.83803 0.54307 0.82394
0 0.61610 0.03991 0.63109 0.05399 0.63858 0.06573 0.64607 0.08451 0.64607 0.11268 0.64419 0.12441 0.63670 0.14789 0.62734 0.17136 0.62360 0.17840 0.61798 0.18545 0.59925 0.19484 0.58614 0.19484 0.58052 0.19249 0.57491 0.18779 0.56742 0.17840 0.55243 0.13380 0.55243 0.07746 0.55431 0.07042 0.56367 0.05399 0.56742 0.04930 0.58052 0.03991
2 0.65730 0.52347 0.67416 0.53521 0.69288 0.56103 0.69476 0.57042 0.69476 0.61268 0.69288 0.62207 0.68352 0.64319 0.67041 0.65962 0.66105 0.66901 0.65169 0.67371 0.62734 0.67371 0.61610 0.66901 0.59925 0.65728 0.58614 0.64085 0.57865 0.62676 0.57678 0.61972 0.57678 0.57512 0.58240 0.56103 0.58989 0.54695 0.60112 0.53286 0.61423 0.52347
0 0.32210 0.41080 0.37640 0.41080 0.39700 0.42958 0.40824 0.44366 0.41386 0.46009 0.41760 0.48122 0.41760 0.48826 0.41573 0.49765 0.41011 0.51174 0.39513 0.53052 0.38390 0.53991 0.37079 0.54695 0.35393 0.54695 0.33521 0.53756 0.32210 0.52347 0.30899 0.50469 0.30150 0.49061 0.29775 0.48122 0.29588 0.47183 0.29588 0.43662 0.29775 0.43192 0.30899 0.41784
2 0.74345 0.22300 0.75281 0.22770 0.76779 0.24413 0.77528 0.25822 0.77903 0.27465 0.77903 0.31455 0.77528 0.32629 0.76779 0.34038 0.76030 0.34977 0.74906 0.35681 0.73596 0.35915 0.72097 0.35915 0.70787 0.35446 0.70037 0.34977 0.68727 0.33333 0.68352 0.32629 0.67790 0.30986 0.67790 0.25822 0.67978 0.25117 0.68352 0.24413 0.69476 0.23005 0.70599 0.22300
0 0.80337 0.52113 0.80899 0.52817 0.81086 0.53286 0.81086 0.55634 0.80899 0.57512 0.80712 0.58216 0.79588 0.60798 0.79026 0.61502 0.75281 0.64085 0.73970 0.64085 0.72472 0.63380 0.71723 0.62441 0.70974 0.60329 0.70974 0.55399 0.71536 0.53991 0.71910 0.53521 0.73783 0.51878 0.74532 0.51408 0.75281 0.51174 0.79213 0.51174
2 0.21348 0.18075 0.22659 0.19014 0.24719 0.21831 0.24906 0.22535 0.24906 0.25822 0.24532 0.26995 0.23596 0.29108 0.22659 0.30282 0.21910 0.30986 0.21161 0.31455 0.17416 0.31221 0.16854 0.30986 0.15543 0.30047 0.14045 0.27700 0.13858 0.26995 0.13858 0.22300 0.14607 0.20423 0.16105 0.18545 0.16667 0.18075
0 0.43071 0.30986 0.44195 0.31925 0.45506 0.33568 0.45880 0.34272 0.46442 0.35915 0.46442 0.38263 0.46255 0.38967 0.45506 0.40610 0.45318 0.40845 0.44007 0.41549 0.41386 0.42019 0.39139 0.42019 0.37453 0.40845 0.36330 0.39437 0.35019 0.36854 0.35019 0.33333 0.35206 0.32864 0.35768 0.31925 0.36704 0.30986 0.37453 0.30516 0.41948 0.30516
0 0.24157 0.49531 0.28652 0.49531 0.29775 0.50000 0.30524 0.50469 0.31461 0.51643 0.32397 0.53286 0.32772 0.54460 0.32772 0.56338 0.32584 0.57277 0.32397 0.57746 0.29588 0.61268 0.28277 0.61972 0.27341 0.61972 0.25843 0.61502 0.24157 0.60329 0.22659 0.58216 0.22285 0.57042 0.22285 0.52113 0.22659 0.51174 0.23596 0.50000
1 0.52809 0.76526 0.53558 0.78873 0.53745 0.80047 0.53745 0.81925 0.53371 0.82864 0.50936 0.86385 0.49064 0.87559 0.46442 0.88498 0.44195 0.88498 0.43071 0.88028 0.41386 0.86854 0.40449 0.85681 0.39513 0.83803 0.39513 0.78169 0.40637 0.75587 0.41760 0.74413 0.43071 0.73474 0.43633 0.73239 0.48876 0.73239 0.51685 0.75117
2 0.68165 0.41784 0.68727 0.43427 0.68727 0.45775 0.68539 0.46714 0.67790 0.48357 0.66292 0.50235 0.65356 0.50939 0.64794 0.51174 0.61798 0.51174 0.59738 0.50235 0.59176 0.49765 0.58614 0.49061 0.57491 0.46714 0.57491 0.41784 0.58614 0.39906 0.58989 0.39437 0.59738 0.38967 0.65730 0.38967 0.66667 0.39671
1 0.40824 0.61268 0.41948 0.62207 0.44007 0.64319 0.46067 0.70423 0.46067 0.71596 0.45693 0.72066 0.40262 0.75352 0.38015 0.76291 0.36517 0.76526 0.35206 0.76056 0.33521 0.74648 0.32959 0.73944 0.31273 0.70892 0.31273 0.66667 0.32772 0.63850 0.33708 0.62676 0.35206 0.61268 0.35955 0.61033 0.40262 0.61033
2 0.53184 0.10798 0.53371 0.11268 0.53558 0.12676 0.53558 0.17136 0.53371 0.17840 0.52996 0.18545 0.52060 0.19718 0.50562 0.20892 0.48876 0.20892 0.44944 0.19718 0.44569 0.19484 0.43633 0.18310 0.42884 0.16901 0.42697 0.16197 0.42697 0.11268 0.43258 0.10094 0.44569 0.08451 0.45131 0.07981 0.50187 0.07981 0.50749 0.08216
1 0.75843 0.00000 0.77154 0.02347 0.77528 0.03756 0.77528 0.06808 0.76966 0.09859 0.76030 0.11502 0.74719 0.12441 0.73970 0.12676 0.72472 0.12676 0.68352 0.09859 0.67790 0.09155 0.67228 0.07981 0.67041 0.07277 0.67041 0.03286 0.67228 0.02817 0.69101 0.00000
1 0.36891 0.04460 0.36891 0.06573 0.32584 0.10798 0.32210 0.11033 0.31086 0.11033 0.30150 0.10798 0.28839 0.10094 0.27903 0.09155 0.26217 0.07042 0.25843 0.06103 0.25843 0.02347 0.26217 0.01174 0.26966 0.00000 0.35393 0.00000 0.35581 0.00235 0.36142 0.01643
