0 0.67917 0.22031 0.68333 0.23125 0.68333 0.24375 0.67917 0.25156 0.67083 0.25938 0.66458 0.26406 0.65208 0.26875 0.63958 0.27031 0.61875 0.27031 0.60417 0.26406 0.59583 0.25938 0.59583 0.23906 0.60417 0.22656 0.61250 0.21875 0.62708 0.20938 0.66458 0.20938
0 0.67917 0.37031 0.68750 0.37812 0.68958 0.38125 0.69583 0.39531 0.69583 0.40781 0.68750 0.42344 0.68333 0.42812 0.67708 0.43281 0.67083 0.43594 0.66458 0.43750 0.65000 0.43750 0.63750 0.43281 0.63125 0.42969 0.62292 0.42344 0.62292 0.39219 0.62500 0.38906 0.63958 0.37500 0.64583 0.37031
0 0.54583 0.18125 0.54375 0.18750 0.53750 0.19375 0.53125 0.19844 0.52292 0.20156 0.50417 0.20156 0.48542 0.19687 0.46458 0.18750 0.46458 0.15781 0.46875 0.15313 0.47500 0.14844 0.47917 0.14688 0.51875 0.14688 0.53333 0.15625 0.53750 0.16094 0.54167 0.16875
0 0.38958 0.12500 0.39792 0.13594 0.39792 0.14531 0.39375 0.15469 0.38958 0.16094 0.38333 0.16562 0.37917 0.16719 0.37083 0.16875 0.34792 0.16875 0.33958 0.16719 0.32500 0.16094 0.31875 0.15625 0.31250 0.14844 0.31042 0.14219 0.31042 0.12969 0.31667 0.12500 0.33333 0.11563 0.37083 0.11563 0.37708 0.11719 0.38542 0.12187
0 0.58125 0.56719 0.58125 0.58750 0.57917 0.59062 0.57083 0.59844 0.55208 0.60781 0.53542 0.60781 0.51250 0.60156 0.50417 0.59844 0.49167 0.58906 0.49167 0.57188 0.50417 0.56250 0.52083 0.55312 0.56458 0.55312 0.57083 0.55625 0.57500 0.55937
0 0.69583 0.09688 0.70208 0.10625 0.70208 0.11875 0.70000 0.12500 0.69792 0.12812 0.69167 0.13437 0.68750 0.13594 0.65208 0.14375 0.64167 0.14375 0.62917 0.13906 0.61875 0.13281 0.61875 0.11719 0.62917 0.10469 0.63958 0.09844 0.65208 0.09219 0.65625 0.09062 0.68542 0.09062 0.69167 0.09375
0 0.43750 0.42031 0.44583 0.42812 0.45000 0.43438 0.45000 0.45469 0.43542 0.47500 0.42708 0.48125 0.41250 0.48125 0.40625 0.47969 0.38542 0.47187 0.38542 0.43281 0.40000 0.42031
0 0.78542 0.37500 0.79583 0.37969 0.80625 0.38750 0.81042 0.39219 0.81458 0.39844 0.81875 0.40937 0.81875 0.41250 0.81458 0.42188 0.81042 0.42656 0.80417 0.43125 0.79792 0.43438 0.79375 0.43594 0.77083 0.43594 0.76667 0.43438 0.75000 0.42188 0.75000 0.38750 0.76250 0.37500
0 0.43750 0.57031 0.43750 0.58750 0.43333 0.59219 0.42292 0.60000 0.40833 0.60625 0.39583 0.60625 0.37292 0.60156 0.35000 0.59219 0.34583 0.58906 0.34583 0.57344 0.36042 0.56250 0.38125 0.55312 0.42083 0.55312 0.42500 0.55469 0.43125 0.55937 0.43542 0.56563
0 0.56667 0.43438 0.57083 0.43750 0.57708 0.44688 0.57917 0.45312 0.57917 0.46875 0.57083 0.48906 0.56458 0.49531 0.55417 0.50000 0.52708 0.50000 0.51875 0.49531 0.50833 0.48750 0.50833 0.45937 0.51667 0.44844 0.52708 0.44062 0.54375 0.43438
0 0.33750 0.70937 0.34583 0.71562 0.35417 0.72344 0.35625 0.72656 0.36042 0.73906 0.36042 0.75469 0.35625 0.76094 0.34792 0.77031 0.34375 0.77344 0.33542 0.77812 0.33125 0.77969 0.31875 0.77969 0.30208 0.77031 0.29583 0.76562 0.29375 0.76250 0.29375 0.72969 0.29583 0.72656 0.31250 0.70937
0 0.67708 0.64844 0.70833 0.64844 0.72292 0.65625 0.72708 0.65938 0.73125 0.66406 0.73542 0.67656 0.73542 0.69063 0.72708 0.70469 0.72083 0.70937 0.71458 0.71094 0.69375 0.71094 0.68750 0.70937 0.67708 0.70469 0.66458 0.69531 0.66458 0.66250 0.66875 0.65625
0 0.33750 0.21719 0.36875 0.21719 0.37292 0.21875 0.38333 0.22500 0.39583 0.23438 0.40000 0.24063 0.40208 0.24844 0.40208 0.26094 0.39792 0.26875 0.39167 0.27344 0.38125 0.27813 0.35625 0.27813 0.33542 0.26875 0.32917 0.26406 0.32917 0.22500 0.33333 0.22031
0 0.61667 0.58125 0.62083 0.57969 0.64583 0.57969 0.66458 0.58906 0.67083 0.59531 0.67708 0.60469 0.67917 0.60938 0.67917 0.62500 0.67292 0.63125 0.66458 0.63750 0.64792 0.63750 0.64167 0.63594 0.62917 0.63125 0.62292 0.62813 0.61875 0.62500 0.61042 0.61562 0.61042 0.58906 0.61250 0.58437
0 0.30417 0.58750 0.30625 0.59219 0.30625 0.60625 0.30208 0.61406 0.29792 0.61875 0.28958 0.62500 0.26875 0.63125 0.25208 0.63125 0.23333 0.62813 0.22500 0.62500 0.22500 0.60781 0.23542 0.59219 0.25000 0.58125 0.25417 0.57969 0.29375 0.57969 0.29792 0.58125
0 0.71667 0.47969 0.72292 0.49219 0.72292 0.50625 0.70417 0.52969 0.66875 0.52969 0.65000 0.52344 0.64583 0.52031 0.64583 0.49844 0.65625 0.48750 0.66667 0.47969 0.67500 0.47500 0.70833 0.47500 0.71250 0.47656
0 0.85833 0.17500 0.86875 0.18438 0.87292 0.18906 0.87292 0.21719 0.87083 0.22031 0.85833 0.23281 0.85417 0.23594 0.83750 0.23750 0.82083 0.23750 0.80208 0.22969 0.80208 0.20000 0.81250 0.18750 0.82917 0.17500
0 0.59583 0.31562 0.59792 0.31875 0.59792 0.33437 0.58750 0.34687 0.57708 0.35469 0.56875 0.35938 0.56042 0.36250 0.53958 0.36250 0.52292 0.35781 0.51458 0.35156 0.51458 0.33125 0.52917 0.31406 0.53333 0.31094 0.55000 0.30156 0.57292 0.30156 0.58750 0.30938
0 0.44167 0.68281 0.44583 0.68125 0.48125 0.68125 0.50208 0.69688 0.50417 0.70000 0.50833 0.71562 0.50833 0.73281 0.50625 0.73906 0.50208 0.74062 0.49375 0.74219 0.48750 0.74219 0.47917 0.74062 0.42917 0.72031 0.42917 0.69688 0.43125 0.69219 0.43542 0.68750
0 0.90417 0.57656 0.91250 0.59062 0.91250 0.60000 0.90833 0.60625 0.89792 0.61406 0.88958 0.61875 0.88542 0.62031 0.87500 0.62187 0.85000 0.62187 0.82917 0.61406 0.82917 0.59219 0.83125 0.58750 0.83333 0.58437 0.84375 0.57656 0.85625 0.56875 0.89167 0.56875 0.90000 0.57344
0 0.29167 0.35938 0.29792 0.36406 0.30000 0.36719 0.30417 0.37656 0.30625 0.38438 0.30625 0.38906 0.30417 0.39531 0.30000 0.40156 0.28542 0.41250 0.26875 0.41875 0.24583 0.41875 0.22500 0.41563 0.22500 0.38281 0.22917 0.37500 0.23542 0.36719 0.24167 0.36250 0.25208 0.35781 0.28750 0.35781
