1 0.45806 0.48601 0.46452 0.49109 0.47312 0.50127 0.49247 0.53944 0.49247 0.56489 0.48602 0.58015 0.47742 0.59542 0.47312 0.59796 0.44086 0.60305 0.42581 0.60305 0.41935 0.60051 0.41075 0.59542 0.39355 0.57506 0.38925 0.56489 0.38925 0.52417 0.39355 0.51399 0.41075 0.49364 0.42151 0.48601
1 0.70968 0.09160 0.71613 0.09669 0.72043 0.10433 0.72473 0.11705 0.72688 0.13232 0.72473 0.15776 0.71613 0.18066 0.71183 0.18830 0.70323 0.19847 0.69892 0.20102 0.68387 0.20102 0.66452 0.19593 0.65806 0.19084 0.65376 0.18575 0.64516 0.16794 0.64516 0.13486 0.65161 0.11705 0.65591 0.10941 0.66452 0.09924 0.67527 0.09160
2 0.71183 0.43511 0.72473 0.44529 0.73118 0.45547 0.73978 0.47583 0.73978 0.50382 0.73548 0.51399 0.72043 0.53181 0.71613 0.53435 0.70753 0.53690 0.69247 0.53944 0.67527 0.53181 0.66452 0.51908 0.65161 0.49873 0.65161 0.46565 0.65806 0.45293 0.66667 0.44275 0.67742 0.43511
2 0.35699 0.38931 0.36774 0.40204 0.37419 0.41730 0.37634 0.42494 0.37634 0.44784 0.36989 0.46056 0.36129 0.47074 0.35484 0.47583 0.33548 0.48092 0.32043 0.48092 0.31183 0.47837 0.30108 0.47074 0.29247 0.46056 0.28602 0.45038 0.28602 0.40967 0.29032 0.40204 0.30108 0.38931 0.30753 0.38422 0.34839 0.38422
2 0.23226 0.49618 0.24301 0.50382 0.25591 0.51908 0.26452 0.53944 0.26452 0.56489 0.25591 0.58270 0.24946 0.59033 0.24301 0.59542 0.22151 0.60305 0.20860 0.60305 0.19785 0.60051 0.18495 0.59033 0.18065 0.58524 0.16989 0.56743 0.16774 0.56234 0.16774 0.53181 0.17419 0.51654 0.18280 0.50636 0.19785 0.49618
2 0.57419 0.66667 0.58710 0.67684 0.59355 0.68448 0.60000 0.69466 0.60430 0.70738 0.60645 0.72265 0.60430 0.74300 0.59785 0.75827 0.59140 0.76590 0.58065 0.77354 0.56559 0.77863 0.55914 0.77863 0.54624 0.77608 0.53763 0.77099 0.52043 0.75064 0.51398 0.73791 0.51398 0.69720 0.52473 0.67939 0.53978 0.66667
1 0.19785 0.29517 0.20430 0.29008 0.23011 0.29008 0.24731 0.30280 0.25806 0.31552 0.27097 0.33842 0.27742 0.35623 0.27742 0.36132 0.27312 0.37659 0.26882 0.38168 0.26022 0.38677 0.22581 0.38677 0.20430 0.37913 0.19355 0.37150 0.18495 0.36132 0.18065 0.35115 0.18065 0.32316 0.18710 0.31043
2 0.71183 0.27226 0.71828 0.27735 0.72258 0.28244 0.72903 0.29517 0.73118 0.30280 0.73118 0.32316 0.72903 0.33333 0.72688 0.33842 0.71398 0.35369 0.70538 0.35878 0.68387 0.35878 0.67957 0.35623 0.66452 0.34351 0.65806 0.33333 0.65806 0.30025 0.66452 0.28753 0.67527 0.27481 0.67957 0.27226
1 0.70538 0.62341 0.72043 0.64122 0.72688 0.65649 0.72903 0.66412 0.72903 0.68193 0.71828 0.70229 0.70753 0.71501 0.69892 0.72010 0.67097 0.72010 0.66022 0.71501 0.64946 0.70229 0.64301 0.68957 0.64301 0.65394 0.64516 0.64631 0.64946 0.63868 0.66022 0.62595 0.66452 0.62341
2 0.23441 0.84478 0.24301 0.85496 0.24731 0.86260 0.25161 0.87532 0.25161 0.90331 0.24946 0.91094 0.23656 0.93893 0.21505 0.95929 0.20645 0.96438 0.19355 0.96947 0.17634 0.96947 0.16129 0.96438 0.15484 0.95929 0.14409 0.94656 0.13978 0.93639 0.13978 0.89313 0.14409 0.88295 0.16129 0.85496 0.17419 0.84224 0.18280 0.83715 0.22366 0.83715
1 0.70538 0.80662 0.70968 0.80916 0.71828 0.81934 0.73548 0.84733 0.73978 0.85751 0.74409 0.87532 0.74409 0.89059 0.73763 0.90331 0.72903 0.91603 0.72258 0.92366 0.71613 0.92875 0.70968 0.93130 0.68172 0.93130 0.66882 0.92366 0.65161 0.90331 0.64731 0.89567 0.64301 0.88550 0.64301 0.84478 0.65161 0.82443 0.66452 0.80916 0.67097 0.80662
2 0.21290 0.10687 0.25591 0.10687 0.26882 0.11705 0.27312 0.12214 0.28172 0.13740 0.28817 0.15267 0.29032 0.16031 0.29032 0.18830 0.28387 0.20356 0.27742 0.21120 0.26882 0.21883 0.25591 0.21883 0.23871 0.21628 0.23226 0.21374 0.21935 0.20611 0.20860 0.19338 0.20430 0.18575 0.19570 0.16539 0.19570 0.12723
1 0.25376 0.71247 0.25376 0.72519 0.25161 0.74046 0.24301 0.75064 0.20215 0.76845 0.17419 0.76845 0.16774 0.76590 0.15269 0.75573 0.14839 0.75064 0.14194 0.73791 0.14194 0.70229 0.14409 0.69720 0.15054 0.68702 0.16344 0.67176 0.17634 0.66412 0.21505 0.66412 0.21935 0.66667 0.24301 0.69211
