0 0.22162 0.66197 0.23063 0.66901 0.24144 0.68545 0.24324 0.69014 0.24685 0.70892 0.24685 0.72066 0.24505 0.74178 0.23604 0.76291 0.22342 0.77934 0.21802 0.78404 0.21261 0.78638 0.19640 0.78873 0.18198 0.78873 0.16937 0.77934 0.16396 0.77230 0.15856 0.76056 0.15856 0.71362 0.16577 0.69014 0.17658 0.67840 0.19279 0.66667 0.20180 0.66197
0 0.31351 0.53521 0.31351 0.55164 0.30991 0.56103 0.29910 0.57512 0.29369 0.57981 0.27928 0.58920 0.27027 0.59155 0.24144 0.59155 0.23423 0.58920 0.22523 0.58216 0.21441 0.56808 0.20901 0.55634 0.20901 0.52817 0.21441 0.51643 0.22703 0.50000 0.23243 0.49531 0.23964 0.49296 0.27928 0.49296 0.29369 0.50235 0.30631 0.51878
0 0.37477 0.20423 0.38559 0.22535 0.38739 0.23709 0.38739 0.25117 0.38378 0.26291 0.37117 0.27934 0.36577 0.28404 0.35856 0.28873 0.34414 0.29343 0.33514 0.29343 0.31712 0.29108 0.30450 0.28404 0.29550 0.27230 0.29369 0.26761 0.29369 0.23474 0.30811 0.20657 0.31712 0.19484 0.32793 0.18779 0.36036 0.18779 0.36757 0.19484
0 0.19640 0.85915 0.20721 0.86854 0.21261 0.87559 0.21802 0.88732 0.22162 0.89906 0.22162 0.91784 0.21802 0.92958 0.20901 0.94601 0.19820 0.95775 0.19279 0.96009 0.17658 0.96244 0.15135 0.96244 0.12613 0.94366 0.11892 0.93427 0.11351 0.92254 0.11351 0.88263 0.11712 0.87559 0.12613 0.86620 0.14054 0.85681 0.14955 0.85446 0.18018 0.85446
0 0.46486 0.18779 0.46847 0.18545 0.49189 0.18545 0.49910 0.18779 0.50991 0.19484 0.52432 0.21127 0.53694 0.23474 0.54054 0.24648 0.54054 0.27230 0.53874 0.27700 0.53333 0.28404 0.52432 0.28873 0.51532 0.28873 0.48649 0.27934 0.47207 0.27230 0.46126 0.26291 0.45766 0.25822 0.45405 0.25117 0.45045 0.23944 0.45045 0.21362 0.45225 0.20892
0 0.50631 0.61033 0.52072 0.62207 0.52613 0.62911 0.53694 0.65493 0.53874 0.66432 0.53874 0.68779 0.53694 0.69953 0.53153 0.71127 0.52252 0.72300 0.51171 0.72770 0.48829 0.72770 0.48108 0.72300 0.47387 0.71596 0.46667 0.70423 0.46306 0.69249 0.46306 0.65023 0.46486 0.64319 0.47207 0.62676 0.48288 0.61268 0.48649 0.61033
0 0.36937 0.65258 0.39279 0.67371 0.39459 0.67606 0.39820 0.68545 0.40180 0.70188 0.40180 0.71362 0.39640 0.73474 0.38919 0.74413 0.37838 0.75117 0.35135 0.75117 0.33874 0.74883 0.32793 0.74178 0.31351 0.72300 0.30811 0.70657 0.30811 0.68310 0.31712 0.66197 0.32072 0.65728 0.33153 0.65023 0.36396 0.65023
0 0.56396 0.46948 0.56937 0.46714 0.59279 0.46714 0.60721 0.47418 0.61441 0.47887 0.63423 0.50704 0.63604 0.51643 0.63604 0.53286 0.62883 0.55164 0.61441 0.56808 0.60901 0.57042 0.59640 0.57042 0.58739 0.56808 0.57658 0.56338 0.56937 0.55634 0.56216 0.54695 0.55856 0.53991 0.55495 0.52817 0.55495 0.49531 0.55856 0.47887 0.56036 0.47418
0 0.68468 0.81221 0.68829 0.80986 0.72072 0.80986 0.72432 0.81221 0.74054 0.83333 0.74955 0.84742 0.75676 0.86854 0.75676 0.89906 0.75315 0.90845 0.74955 0.91315 0.74595 0.91549 0.73333 0.92019 0.70811 0.92019 0.69550 0.91080 0.68288 0.89671 0.67207 0.88263 0.67027 0.87793 0.67027 0.83803 0.68108 0.81690
0 0.62162 0.62676 0.62523 0.62441 0.65766 0.62441 0.66306 0.62676 0.67027 0.63380 0.69009 0.66667 0.69369 0.67840 0.69369 0.70892 0.69009 0.72066 0.68288 0.73709 0.67928 0.74178 0.67387 0.74413 0.64505 0.74413 0.63964 0.74178 0.63243 0.73709 0.60901 0.70892 0.60541 0.70188 0.60360 0.68779 0.60360 0.66197 0.60541 0.65023 0.61441 0.63380
0 0.32432 0.33803 0.33333 0.35211 0.34054 0.36854 0.34595 0.39202 0.34595 0.40141 0.34234 0.41080 0.33514 0.42019 0.31351 0.43192 0.30090 0.43192 0.28649 0.42958 0.27928 0.42723 0.27387 0.42254 0.26126 0.40610 0.25405 0.39202 0.25405 0.36150 0.25766 0.35446 0.27027 0.34272 0.27928 0.33803
0 0.44505 0.08451 0.45045 0.09859 0.45225 0.11268 0.45225 0.12911 0.44685 0.14554 0.43784 0.15728 0.43423 0.15962 0.41802 0.15962 0.40360 0.15728 0.39820 0.15493 0.38378 0.14554 0.36937 0.12441 0.36937 0.09155 0.37117 0.08685 0.37838 0.07746 0.39099 0.06808 0.42523 0.06808 0.43604 0.07277
0 0.53153 0.32864 0.56577 0.32864 0.57658 0.33803 0.58559 0.34977 0.59099 0.36854 0.59099 0.38028 0.58919 0.39906 0.58559 0.40610 0.56937 0.42488 0.56036 0.42958 0.55135 0.42958 0.53153 0.41549 0.52613 0.40845 0.52432 0.40376 0.51712 0.37793 0.51712 0.34977 0.51892 0.34507
