0 0.77083 0.66094 0.81250 0.66094 0.82292 0.66406 0.83333 0.67031 0.84583 0.68437 0.85833 0.70312 0.85833 0.72031 0.85625 0.72656 0.85417 0.72969 0.85000 0.73281 0.83542 0.73906 0.81875 0.74062 0.80833 0.74062 0.76250 0.73125 0.75625 0.72813 0.75625 0.67812 0.76250 0.66875
0 0.72500 0.18281 0.74792 0.18281 0.76667 0.18750 0.77917 0.19375 0.78542 0.19844 0.79792 0.21719 0.80000 0.22500 0.80000 0.23438 0.79375 0.24688 0.78958 0.25156 0.77917 0.25938 0.76458 0.26250 0.75000 0.26250 0.71042 0.25469 0.70625 0.25156 0.70625 0.22812 0.71458 0.19844 0.72083 0.18750
0 0.81042 0.47500 0.81042 0.48906 0.80000 0.50156 0.79583 0.50469 0.78333 0.51094 0.74167 0.51094 0.69792 0.49531 0.69792 0.45625 0.72292 0.44375 0.76042 0.44375 0.77708 0.45000 0.79167 0.45781 0.79792 0.46250
0 0.54375 0.32500 0.54375 0.34375 0.53958 0.35000 0.53333 0.35625 0.52292 0.36250 0.49792 0.37344 0.49167 0.37500 0.46042 0.37500 0.43875 0.36562 0.43875 0.32344 0.44500 0.31719 0.46458 0.30625 0.51042 0.30625 0.52917 0.31250 0.53958 0.32031
0 0.64167 0.63750 0.64583 0.64531 0.64792 0.65469 0.64792 0.66875 0.64375 0.67344 0.62083 0.69375 0.60417 0.70625 0.58958 0.70625 0.54792 0.70000 0.54167 0.69688 0.54167 0.65938 0.54792 0.64531 0.55417 0.63906 0.57917 0.62813 0.59167 0.62656 0.62500 0.62656 0.62917 0.62813
0 0.64167 0.33594 0.65833 0.34844 0.66042 0.35313 0.66250 0.36406 0.66250 0.38281 0.65625 0.39687 0.65208 0.40313 0.64375 0.40937 0.63542 0.41406 0.62917 0.41563 0.60833 0.41563 0.59167 0.40781 0.58333 0.40156 0.58125 0.39844 0.57917 0.39219 0.57917 0.37188 0.58542 0.34844 0.58958 0.34375 0.59375 0.34063 0.61667 0.33594
0 0.29625 0.46594 0.30417 0.50000 0.30000 0.51250 0.29375 0.52500 0.27708 0.53438 0.26875 0.53594 0.23333 0.53594 0.22500 0.53281 0.21875 0.52656 0.21458 0.50781 0.21458 0.48281 0.24792 0.45937 0.29208 0.46437
0 0.40083 0.18438 0.42083 0.16875 0.44792 0.16875 0.47083 0.17500 0.47708 0.17813 0.48333 0.18281 0.48750 0.18906 0.48958 0.19687 0.48958 0.20781 0.48542 0.21563 0.48125 0.22031 0.47500 0.22500 0.45208 0.23750 0.44167 0.23750 0.41667 0.22656 0.40083 0.20156
0 0.39792 0.55937 0.42917 0.55937 0.45625 0.56719 0.46250 0.57031 0.48542 0.58750 0.48750 0.59062 0.48750 0.61406 0.48333 0.61875 0.47292 0.62656 0.45000 0.63438 0.44375 0.63438 0.39792 0.62500 0.39375 0.62344 0.38750 0.61875 0.38542 0.61562 0.38542 0.56875
0 0.30625 0.64062 0.31042 0.64375 0.31875 0.65781 0.32292 0.67969 0.32292 0.68750 0.30625 0.70000 0.25833 0.70031 0.24375 0.70500 0.22500 0.70500 0.22500 0.67188 0.23125 0.65938 0.24167 0.65000 0.26458 0.63906 0.30208 0.63906
0 0.57292 0.46406 0.57917 0.47031 0.58333 0.47813 0.58542 0.51406 0.58125 0.52031 0.57292 0.52656 0.55625 0.53594 0.55208 0.53750 0.54167 0.53750 0.49792 0.53125 0.49792 0.51250 0.50208 0.48125 0.50417 0.47656 0.51250 0.46563 0.52292 0.45781 0.56042 0.45781
0 0.31250 0.21875 0.33125 0.23281 0.33542 0.23750 0.34167 0.24844 0.34167 0.27344 0.33958 0.27656 0.31458 0.29531 0.25000 0.29531 0.25000 0.24063 0.27292 0.21563 0.30417 0.21563
0 0.91667 0.36875 0.96667 0.36875 0.98333 0.37656 0.98958 0.38281 0.99792 0.39375 0.99792 0.42188 0.99375 0.44219 0.98750 0.44688 0.96458 0.44688 0.93333 0.44062 0.91875 0.43281 0.89792 0.41875 0.89792 0.38594
0 0.52917 0.11250 0.56250 0.09375 0.56667 0.09219 0.59583 0.09219 0.62292 0.11563 0.63750 0.13125 0.64167 0.13750 0.64167 0.14844 0.63750 0.16094 0.63125 0.16562 0.62083 0.17031 0.61042 0.17031 0.58958 0.16875 0.57500 0.16562 0.55833 0.15937 0.52917 0.13125
