0 0.55833 0.32656 0.56458 0.33281 0.56667 0.33594 0.56667 0.35000 0.55625 0.37812 0.54792 0.38438 0.53750 0.38750 0.51667 0.38750 0.50625 0.38438 0.49375 0.37500 0.49375 0.35000 0.50208 0.34063 0.51458 0.33125 0.52708 0.32656
0 0.54792 0.42969 0.56250 0.44062 0.56458 0.44375 0.56458 0.47187 0.56250 0.47813 0.55625 0.48438 0.53958 0.49688 0.53542 0.49844 0.52292 0.49844 0.51458 0.49531 0.50417 0.48906 0.48750 0.47031 0.48750 0.44531 0.48958 0.44219 0.50208 0.43281 0.50833 0.42969
0 0.42500 0.42188 0.43542 0.43281 0.43542 0.46094 0.43125 0.46719 0.42708 0.47187 0.41042 0.48438 0.40625 0.48594 0.39792 0.48594 0.38125 0.48125 0.37500 0.47656 0.37083 0.47187 0.37083 0.43750 0.37708 0.42812 0.38542 0.42188
0 0.44583 0.20781 0.47500 0.20781 0.49375 0.22344 0.49792 0.22812 0.50417 0.23750 0.50417 0.25469 0.49375 0.26562 0.48750 0.27031 0.46875 0.27031 0.45208 0.26562 0.43958 0.25625 0.42917 0.24688 0.42708 0.24375 0.42708 0.22187 0.43333 0.21563 0.43958 0.21094
0 0.13542 0.50781 0.17708 0.50781 0.19375 0.51719 0.20000 0.52656 0.20000 0.54063 0.19167 0.55469 0.18333 0.56094 0.15625 0.56094 0.14375 0.55625 0.13750 0.55312 0.13125 0.54688 0.12292 0.53594 0.12292 0.51719
0 0.18750 0.27344 0.19792 0.28125 0.20208 0.28594 0.20417 0.29063 0.20417 0.31094 0.19583 0.32031 0.18125 0.33281 0.17083 0.33750 0.14583 0.33750 0.14167 0.33594 0.12500 0.32344 0.12292 0.32031 0.12292 0.29219 0.12708 0.28594 0.13125 0.28125 0.13750 0.27656 0.14375 0.27344
0 0.39375 0.54063 0.39375 0.55469 0.38542 0.57031 0.37917 0.57500 0.37083 0.57812 0.33542 0.57812 0.32292 0.57344 0.31042 0.56406 0.30833 0.56094 0.30833 0.53594 0.32500 0.52344 0.32917 0.52187 0.36875 0.52187
0 0.80417 0.44219 0.80417 0.45156 0.79583 0.46250 0.78542 0.46875 0.77292 0.47500 0.75833 0.47969 0.73958 0.47969 0.73125 0.47813 0.72083 0.47344 0.71458 0.46875 0.71042 0.46406 0.71042 0.43750 0.72708 0.42500 0.78125 0.42500
0 0.36042 0.33906 0.37292 0.34844 0.37500 0.35156 0.37500 0.37500 0.35833 0.39844 0.35208 0.40313 0.34375 0.40625 0.33333 0.40781 0.32708 0.40781 0.31667 0.40469 0.30625 0.39687 0.29792 0.38281 0.29792 0.35313 0.30208 0.34844 0.31458 0.33906
0 0.50625 0.63125 0.50625 0.64062 0.50417 0.64531 0.49792 0.65312 0.48958 0.65938 0.47708 0.66719 0.46042 0.67188 0.43958 0.67188 0.42500 0.66875 0.41667 0.66563 0.40417 0.65938 0.40417 0.63438 0.40833 0.62969 0.41250 0.62656 0.42292 0.62031 0.43750 0.61406 0.48333 0.61406 0.48958 0.61719 0.50417 0.62813
0 0.66458 0.07969 0.66458 0.10781 0.65000 0.12500 0.64167 0.13125 0.63750 0.13281 0.60625 0.13281 0.59583 0.13125 0.56875 0.12031 0.55833 0.11250 0.55833 0.08594 0.57292 0.07500 0.58542 0.07031 0.63958 0.07031
0 0.67500 0.25625 0.68958 0.26719 0.68958 0.28281 0.67917 0.29375 0.65417 0.31250 0.64583 0.31406 0.62500 0.31406 0.61667 0.31094 0.61250 0.30781 0.61250 0.28125 0.61458 0.27813 0.62917 0.26250 0.63333 0.25938 0.63958 0.25625
0 0.20208 0.41250 0.24792 0.41250 0.26667 0.42969 0.26667 0.45469 0.26458 0.45781 0.25833 0.46406 0.25000 0.47031 0.24583 0.47187 0.22500 0.47187 0.21250 0.46719 0.19792 0.45937 0.18958 0.45312 0.18958 0.42188
0 0.36667 0.21406 0.37500 0.22187 0.38125 0.23125 0.38125 0.24844 0.37708 0.25312 0.35208 0.27031 0.34583 0.27187 0.31875 0.27187 0.31250 0.26875 0.30417 0.26094 0.30417 0.23438 0.31042 0.22656 0.32708 0.21406 0.33125 0.21250 0.36250 0.21250
0 0.62917 0.57500 0.62917 0.59062 0.62708 0.59375 0.61667 0.60156 0.61042 0.60469 0.60417 0.60625 0.58958 0.60625 0.57708 0.60313 0.56667 0.59844 0.54583 0.58437 0.54583 0.56563 0.55417 0.55937 0.56042 0.55625 0.61458 0.55625
0 0.28542 0.58437 0.29583 0.59219 0.30208 0.59844 0.30208 0.62656 0.29792 0.63125 0.28750 0.63906 0.28333 0.64062 0.26042 0.64062 0.25000 0.63438 0.23958 0.62500 0.23542 0.62031 0.23542 0.59375 0.24167 0.58750 0.24792 0.58437
