1 0.27708 0.44375 0.28333 0.44531 0.29792 0.45312 0.31875 0.46875 0.32708 0.47969 0.33333 0.49375 0.33333 0.51406 0.33125 0.52187 0.32708 0.52812 0.31458 0.54063 0.30208 0.54844 0.28333 0.55625 0.27292 0.55781 0.25000 0.55781 0.23125 0.55312 0.20833 0.54219 0.19167 0.52969 0.18333 0.52031 0.17917 0.51250 0.17917 0.48125 0.18750 0.47031 0.20833 0.45469 0.23333 0.44375
2 0.90000 0.27500 0.91042 0.27813 0.92500 0.28594 0.93958 0.29844 0.94583 0.30938 0.94792 0.31719 0.94792 0.32812 0.94583 0.33750 0.94167 0.34531 0.93542 0.35313 0.92500 0.36250 0.91250 0.37188 0.90625 0.37500 0.88958 0.38125 0.85625 0.38125 0.84167 0.37656 0.82708 0.37031 0.81458 0.36250 0.80417 0.35313 0.80417 0.31562 0.81667 0.29844 0.83333 0.28437 0.84583 0.27813 0.85833 0.27500
1 0.77917 0.16406 0.79375 0.17188 0.80417 0.17969 0.81458 0.19062 0.81875 0.20000 0.81875 0.22500 0.81458 0.23594 0.80625 0.24688 0.79583 0.25625 0.78333 0.26406 0.76250 0.27187 0.75417 0.27344 0.73333 0.27344 0.72708 0.27187 0.70833 0.26406 0.69375 0.25312 0.68750 0.24688 0.68750 0.20000 0.69792 0.18438 0.70417 0.17813 0.71042 0.17344 0.72917 0.16406
1 0.54167 0.65938 0.56458 0.67031 0.57500 0.67969 0.58125 0.68750 0.58750 0.70156 0.58750 0.72500 0.58125 0.73750 0.57083 0.75000 0.55417 0.76094 0.52917 0.76875 0.49375 0.76875 0.48125 0.76406 0.46667 0.75625 0.45417 0.74687 0.44375 0.73594 0.43958 0.72813 0.43958 0.69375 0.44792 0.68125 0.46667 0.66719 0.48750 0.65938
2 0.52083 0.56250 0.53750 0.57031 0.54792 0.57812 0.56042 0.59062 0.56458 0.59844 0.56458 0.61875 0.56042 0.62656 0.55208 0.63750 0.53750 0.64844 0.52500 0.65469 0.51458 0.65625 0.48125 0.65625 0.46250 0.65156 0.45625 0.64844 0.44583 0.64062 0.43750 0.63281 0.42917 0.62187 0.42917 0.59062 0.43333 0.58281 0.43958 0.57812 0.45625 0.56875 0.47083 0.56250
2 0.29375 0.27813 0.31250 0.28594 0.32083 0.29219 0.33958 0.31250 0.34375 0.32188 0.34375 0.33750 0.33958 0.35000 0.33125 0.36094 0.31042 0.37188 0.27500 0.37969 0.26250 0.37969 0.24167 0.37500 0.23750 0.37188 0.21250 0.34063 0.21250 0.30781 0.22083 0.29688 0.23750 0.28437 0.25208 0.27813
2 0.26875 0.55937 0.27500 0.56250 0.29167 0.57500 0.30000 0.58750 0.30000 0.61094 0.29583 0.62031 0.28958 0.62969 0.27500 0.64062 0.26875 0.64375 0.24792 0.65000 0.21042 0.65000 0.20208 0.64687 0.17708 0.63125 0.16667 0.61875 0.16458 0.61406 0.16458 0.58750 0.17500 0.57500 0.18125 0.57031 0.20208 0.55937
1 0.67292 0.28125 0.68958 0.28906 0.70000 0.29688 0.70625 0.30312 0.71042 0.31250 0.71042 0.33281 0.70625 0.34063 0.70000 0.34844 0.69375 0.35313 0.66458 0.36719 0.65417 0.36875 0.62292 0.36875 0.61458 0.36719 0.60208 0.36250 0.59583 0.35938 0.57500 0.34531 0.57500 0.32656 0.59167 0.29688 0.60833 0.28437 0.61875 0.27969 0.66458 0.27969
2 0.42083 0.48906 0.44583 0.50000 0.45417 0.50625 0.46042 0.51406 0.46458 0.52656 0.46458 0.53281 0.46042 0.54531 0.45625 0.55312 0.45208 0.55781 0.44167 0.56563 0.42292 0.57344 0.38125 0.57344 0.37500 0.57188 0.36667 0.56875 0.35833 0.56406 0.34167 0.54531 0.34167 0.51562 0.35208 0.50469 0.36458 0.49531 0.37708 0.48906
1 0.50208 0.14844 0.50833 0.15156 0.53542 0.17188 0.53958 0.17656 0.54583 0.18594 0.54583 0.20781 0.53958 0.21719 0.52708 0.22812 0.51250 0.23594 0.50000 0.24063 0.45000 0.24063 0.43958 0.23438 0.42708 0.22344 0.41875 0.21250 0.41875 0.18125 0.42083 0.17656 0.42708 0.16719 0.43750 0.15781 0.45208 0.14844
1 0.42708 0.22656 0.43125 0.22969 0.43958 0.24063 0.45000 0.27031 0.45000 0.29063 0.44583 0.29844 0.43958 0.30469 0.42917 0.31094 0.40208 0.31562 0.37292 0.31562 0.36250 0.31406 0.33542 0.30312 0.32292 0.29219 0.31458 0.27656 0.31458 0.25312 0.33333 0.24219 0.38333 0.22500 0.42292 0.22500
1 0.80417 0.47813 0.81875 0.48438 0.83125 0.49219 0.84792 0.50781 0.85208 0.51719 0.85208 0.54531 0.84167 0.56563 0.83125 0.57656 0.80833 0.58906 0.77083 0.59688 0.75000 0.59688 0.72708 0.58906 0.71875 0.58437 0.69375 0.56406 0.69375 0.52344 0.69583 0.51875 0.70417 0.50781 0.72500 0.49219 0.75625 0.47813
1 0.54583 0.43750 0.56875 0.44688 0.58125 0.46094 0.58333 0.46875 0.58333 0.50156 0.58125 0.50938 0.57500 0.52031 0.55833 0.52969 0.54792 0.53281 0.53750 0.53438 0.51250 0.53438 0.50417 0.53281 0.49375 0.52969 0.47917 0.52344 0.46875 0.51719 0.45833 0.50625 0.45417 0.50000 0.45417 0.47031 0.46458 0.45781 0.48125 0.44531 0.50000 0.43750
2 0.65833 0.19062 0.67292 0.20156 0.68125 0.21094 0.68333 0.22187 0.68333 0.23438 0.68125 0.24063 0.66875 0.25625 0.65417 0.26719 0.64583 0.27187 0.63333 0.27656 0.62292 0.27813 0.60208 0.27813 0.58542 0.27344 0.55625 0.24844 0.55625 0.21406 0.56458 0.20469 0.57500 0.19687 0.59375 0.19062 0.60208 0.18906 0.65417 0.18906
2 0.65625 0.48906 0.67083 0.49531 0.68542 0.50625 0.69167 0.52031 0.69167 0.53906 0.68542 0.55312 0.67917 0.56250 0.67500 0.56563 0.65208 0.57188 0.64167 0.57344 0.62292 0.57344 0.61042 0.57031 0.60000 0.56563 0.59167 0.55937 0.57917 0.54375 0.57917 0.51719 0.58333 0.50625 0.58542 0.50313 0.59375 0.49688 0.61250 0.48906
2 0.34583 0.62813 0.36250 0.63594 0.36875 0.64062 0.38125 0.65312 0.38750 0.66406 0.38750 0.68594 0.38333 0.69375 0.37708 0.70156 0.36667 0.70937 0.33750 0.72500 0.32500 0.72813 0.30625 0.72813 0.29583 0.72500 0.28125 0.71875 0.26042 0.70625 0.25208 0.70000 0.24583 0.68437 0.24583 0.65312 0.30208 0.62813
1 0.69792 0.57188 0.72708 0.59062 0.73958 0.60313 0.74792 0.61875 0.74792 0.64062 0.73958 0.65469 0.72083 0.66875 0.69583 0.67969 0.68542 0.68125 0.66875 0.68125 0.66042 0.67969 0.64792 0.67500 0.63542 0.66719 0.62500 0.65781 0.61458 0.64531 0.61042 0.63594 0.61042 0.60313 0.61458 0.59375 0.62292 0.58281 0.62708 0.57969 0.63958 0.57500 0.65208 0.57188
2 0.36458 0.36562 0.37292 0.36719 0.38750 0.37188 0.40833 0.38281 0.41875 0.39375 0.42500 0.40625 0.42500 0.42344 0.41875 0.43438 0.40833 0.44688 0.39792 0.45625 0.39167 0.45937 0.38125 0.46250 0.33958 0.46250 0.32500 0.45781 0.31250 0.45156 0.29375 0.43750 0.28750 0.42969 0.28750 0.39687 0.29583 0.38594 0.31042 0.37500 0.32708 0.36562
1 0.56458 0.34531 0.57917 0.35156 0.59375 0.36250 0.59792 0.36875 0.60000 0.37969 0.60000 0.39531 0.59792 0.40000 0.58958 0.41094 0.57083 0.42656 0.55208 0.43438 0.54583 0.43438 0.53542 0.43281 0.52292 0.42969 0.51250 0.42500 0.50000 0.41719 0.48958 0.40625 0.48750 0.40313 0.48750 0.37656 0.51042 0.35000 0.51458 0.34687 0.52083 0.34531
1 0.65625 0.37031 0.69792 0.37031 0.71875 0.37500 0.73542 0.38281 0.76250 0.40313 0.76875 0.41406 0.76875 0.43594 0.72708 0.48281 0.71458 0.49062 0.70000 0.49375 0.67917 0.49375 0.64167 0.48438 0.63333 0.48125 0.62292 0.47344 0.60417 0.45312 0.60000 0.44375 0.60000 0.40781 0.60833 0.39375 0.61875 0.38594 0.64167 0.37500
2 0.56458 0.25781 0.57708 0.26875 0.58750 0.28125 0.58750 0.29844 0.58125 0.31406 0.57292 0.32656 0.56458 0.33594 0.55625 0.33906 0.53542 0.34219 0.50000 0.34219 0.48125 0.33906 0.47292 0.33594 0.46667 0.33125 0.45417 0.31562 0.45417 0.26250 0.47500 0.25000 0.54167 0.25000 0.55625 0.25312
1 0.37292 0.12031 0.38333 0.12500 0.40625 0.14531 0.41250 0.15313 0.41458 0.15781 0.41458 0.19062 0.40833 0.20000 0.39583 0.21406 0.38333 0.22344 0.35833 0.23281 0.34167 0.23750 0.32083 0.23750 0.28333 0.19062 0.28333 0.15000 0.30417 0.12969 0.31875 0.12187 0.32500 0.12031
