0 0.41426 0.11972 0.42775 0.12911 0.43545 0.13850 0.44316 0.15258 0.44701 0.16432 0.44701 0.19484 0.43545 0.23005 0.42389 0.25352 0.41426 0.26526 0.40655 0.27230 0.39499 0.27934 0.37380 0.27934 0.35838 0.26761 0.35260 0.26056 0.34682 0.24883 0.34297 0.23474 0.34297 0.17371 0.34875 0.15493 0.35453 0.14319 0.35838 0.13850 0.37572 0.12441 0.38343 0.11972
0 0.77842 0.61033 0.78805 0.60563 0.81503 0.60563 0.82274 0.60798 0.85164 0.62441 0.86320 0.63380 0.87669 0.64789 0.88825 0.67136 0.89017 0.68075 0.89017 0.70892 0.88439 0.72770 0.87091 0.74413 0.86513 0.74883 0.85549 0.75352 0.82466 0.75352 0.81503 0.74883 0.79769 0.73239 0.78035 0.71127 0.77264 0.69484 0.76493 0.67136 0.76493 0.62911 0.76879 0.62207
0 0.92293 0.12676 0.93834 0.14789 0.94798 0.16901 0.94990 0.18075 0.94990 0.22300 0.94798 0.23709 0.94220 0.25352 0.93449 0.26761 0.92678 0.27700 0.91329 0.28873 0.90559 0.29343 0.89210 0.29812 0.86705 0.29812 0.85164 0.28873 0.84393 0.28169 0.83237 0.26761 0.82466 0.25352 0.82466 0.20657 0.83622 0.18075 0.84971 0.15962 0.86513 0.14319 0.88632 0.12911 0.89403 0.12676
0 0.46050 0.70188 0.46628 0.71127 0.47013 0.72066 0.47206 0.73944 0.47206 0.75352 0.47013 0.77465 0.46243 0.80282 0.44894 0.82629 0.43931 0.83568 0.43160 0.84038 0.41618 0.84272 0.40655 0.84272 0.39499 0.84038 0.38921 0.83568 0.36802 0.80986 0.36416 0.80047 0.36416 0.75822 0.37187 0.74178 0.38728 0.72300 0.39884 0.71362 0.42775 0.70188
0 0.56840 0.16667 0.57033 0.17606 0.57033 0.20188 0.56840 0.21831 0.56069 0.23709 0.54913 0.25822 0.53565 0.27465 0.52408 0.28404 0.50867 0.29343 0.48170 0.29343 0.47592 0.29108 0.46243 0.28169 0.45087 0.26761 0.44701 0.25822 0.44701 0.20657 0.44894 0.19953 0.45665 0.18545 0.47399 0.16667 0.48940 0.15728 0.50674 0.15023 0.54913 0.15023 0.56069 0.15728
0 0.72447 0.33803 0.73218 0.35211 0.73603 0.36385 0.73603 0.39906 0.72640 0.42254 0.71484 0.43662 0.70713 0.44366 0.68786 0.45540 0.67630 0.46009 0.63776 0.46009 0.62235 0.44836 0.61657 0.44131 0.61079 0.42488 0.61079 0.39671 0.61272 0.38967 0.62235 0.36854 0.64162 0.33803 0.65318 0.32864 0.66667 0.32160 0.69942 0.32160 0.70713 0.32394
0 0.46243 0.84977 0.46628 0.85446 0.47206 0.86620 0.47206 0.88967 0.47013 0.90376 0.46243 0.92488 0.45472 0.93897 0.44123 0.95540 0.43160 0.96479 0.41040 0.97653 0.38536 0.97653 0.37187 0.96948 0.35260 0.94601 0.34682 0.93427 0.34682 0.88732 0.35645 0.86854 0.36031 0.86385 0.38150 0.84977 0.40077 0.84272 0.44509 0.84038 0.45279 0.84272
0 0.48940 0.62207 0.48940 0.65258 0.48555 0.66432 0.47784 0.68075 0.46628 0.69249 0.45857 0.69718 0.43353 0.70188 0.40848 0.70188 0.38150 0.68779 0.36609 0.67371 0.35645 0.65962 0.35645 0.62441 0.36609 0.60798 0.37187 0.60094 0.38728 0.58920 0.41618 0.57277 0.45472 0.57277 0.46050 0.57512 0.46628 0.57981 0.47977 0.59624
0 0.70713 0.59624 0.71676 0.61033 0.72062 0.62207 0.72062 0.65728 0.71291 0.68075 0.69750 0.70657 0.67630 0.72535 0.66474 0.73005 0.63776 0.73005 0.62235 0.72066 0.61272 0.71127 0.60501 0.69718 0.60308 0.69014 0.60308 0.65023 0.60694 0.63850 0.61850 0.61972 0.62813 0.61033 0.66281 0.58920 0.69557 0.58920
0 0.32177 0.41549 0.35260 0.41549 0.36994 0.42488 0.38536 0.43662 0.40077 0.45540 0.40848 0.46948 0.41233 0.48122 0.41426 0.49296 0.41426 0.50939 0.41233 0.51878 0.40655 0.53521 0.40077 0.54460 0.38921 0.55869 0.37187 0.56808 0.35067 0.56808 0.34104 0.56338 0.32755 0.55399 0.31599 0.53991 0.30829 0.52582 0.30443 0.51408 0.30250 0.50235 0.30250 0.44601 0.30443 0.43897 0.31021 0.42958
0 0.56455 0.82394 0.57225 0.83333 0.57996 0.84742 0.58767 0.88263 0.58767 0.92723 0.58382 0.94601 0.57225 0.96948 0.56262 0.98122 0.55106 0.98826 0.52408 0.98826 0.50867 0.97887 0.49326 0.96009 0.48748 0.94601 0.48748 0.89906 0.50867 0.85681 0.52794 0.83568 0.54528 0.82394
0 0.73796 0.39671 0.75337 0.38732 0.78805 0.38732 0.80154 0.39437 0.81310 0.40610 0.82274 0.42254 0.82659 0.43192 0.83044 0.45305 0.83044 0.47418 0.82659 0.49531 0.82081 0.50939 0.81118 0.52113 0.80154 0.52817 0.77842 0.52817 0.77071 0.52582 0.75723 0.51643 0.73218 0.49061 0.72640 0.47887 0.72447 0.46948 0.72447 0.43192 0.73410 0.40376
0 0.67630 0.46948 0.68401 0.47887 0.68979 0.49296 0.68979 0.53052 0.68015 0.55634 0.66859 0.57746 0.65511 0.59390 0.64162 0.60329 0.63198 0.60563 0.62428 0.60563 0.61464 0.60329 0.60308 0.59859 0.59345 0.59155 0.58382 0.57981 0.57803 0.56573 0.57803 0.51408 0.58382 0.50469 0.60116 0.48357 0.62620 0.46714 0.63391 0.46479 0.67052 0.46479
0 0.63776 0.23944 0.64547 0.24883 0.65125 0.26526 0.65125 0.29577 0.64933 0.30986 0.64162 0.33333 0.63006 0.35446 0.61657 0.37089 0.60116 0.38263 0.59152 0.38498 0.57225 0.38498 0.56455 0.38263 0.55491 0.37793 0.54143 0.36620 0.53179 0.35211 0.52794 0.34038 0.52794 0.30516 0.54335 0.26995 0.55491 0.25587 0.57225 0.24178 0.58960 0.23239 0.62620 0.23239
0 0.57225 0.66197 0.58189 0.67136 0.59730 0.69249 0.61464 0.72770 0.61464 0.75117 0.61079 0.76056 0.60308 0.76995 0.59345 0.77700 0.57611 0.78169 0.55299 0.78169 0.53950 0.77700 0.52794 0.76995 0.52023 0.76291 0.50867 0.74648 0.50482 0.73944 0.50096 0.72770 0.50096 0.69953 0.50482 0.69249 0.51638 0.67840 0.53565 0.66197
